100724
106313
110414
110475
110886
110915
110952
111201
111309
111967
112007
112187
112431
112436
112624
114389
114822
115079
115953
117670
117757
121461
121509
122164
122537
122896
123239
12370
12657
127552
130143
130985
131501
131986
132550
132562
132833
132958
133660
133776
133799
133851
134439
137097
138784
14145
144930
148744
14922
151311
151459
151537
15154
154163
154228
154854
155475
155503
156303
156374
156500
157393
15789
158248
15994
161331
161355
161575
162019
162093
162190
166674
167686
167753
167799
167969
170455
173994
17479
174854
175863
178516
179801
18052
181080
181342
181385
181752
181918
182272
184004
184984
184987
184993
185044
185062
185316
18558
186508
18760
18795
189383
189386
189391
189396
189419
189428
189431
189452
189455
189458
189464
189466
189478
189489
189509
189523
189539
189544
189552
189559
189560
189563
189567
189571
189573
189599
189601
189602
189616
189618
189628
189646
189667
189682
189685
189719
189725
189736
189740
189758
189759
189760
189761
189764
189802
189804
189805
189806
189809
189830
189844
189856
189865
189866
189867
189871
189876
189878
189884
189887
189891
189892
189907
189933
189946
189960
189963
189964
189971
189976
189981
189982
189984
190015
190019
190026
190057
190076
190080
190085
190089
190100
190102
190108
190114
190120
190124
190143
190151
190166
190176
190177
190184
190186
190198
190209
190225
190229
190238
190258
190268
190273
190274
190276
190287
190292
190303
190316
19032
190329
190333
190335
190340
190349
190353
190374
190385
190391
190392
190395
190400
190408
190417
190427
190430
190436
190437
190446
190452
190458
192366
193293
193457
193677
194022
194332
194361
194713
195206
19707
197239
197910
197911
198257
198510
198519
198859
200508
201710
203547
20407
204358
20450
206330
207704
207730
208976
209086
209091
209204
209742
209794
210127
210288
210352
210570
210802
212914
212961
213680
216230
216417
217214
217215
217234
217996
218010
218023
218460
218515
218636
218663
218672
218690
219079
219184
219265
219383
219597
220803
221216
221469
221477
221480
221514
221798
221825
222113
222419
222469
222481
222811
223062
223160
223257
223433
223601
223642
223665
223776
224888
224990
225551
225844
226751
2269
22732
229458
229542
229956
229959
231269
231746
231967
232416
232530
237296
238901
240784
240790
241180
241181
241424
243580
245225
245239
245709
245733
245891
245977
246034
246119
246136
246447
246742
246750
246757
246859
246995
247264
247301
247397
247401
247484
247542
247921
248007
248228
248422
248448
24848
248687
248782
248789
248837
249019
249082
249252
249369
249402
249410
249411
249466
249584
249713
250169
250371
25090
25092
25095
250976
250983
250990
251040
251430
251476
251617
251635
251720
252001
252097
252317
252337
252362
252396
252445
252503
252549
252775
252907
253058
253069
25307
253091
253130
253172
253541
253556
253802
254350
254357
254472
254495
254629
254726
254728
254730
254891
254986
254989
255023
255061
255185
255238
255239
255267
255565
255569
255588
255640
255730
255849
255962
256132
256181
256271
256317
256318
256419
256420
256653
256659
257275
257930
257980
258072
258124
258216
258256
258355
258356
258357
258398
258428
258454
258485
258737
258781
258800
258920
258925
258955
259070
259103
259211
259320
25934
259366
259586
259726
259747
260014
260074
260218
260281
260362
260617
260666
260714
260804
260877
261264
261399
261436
261457
261640
261794
262346
262734
262781
262916
263163
263357
263364
263379
263592
263819
263902
264173
264181
264236
264786
265089
265128
265180
265203
265476
265496
265507
266312
266735
266763
266872
266877
266878
267390
267392
267403
267406
267407
267411
267416
267442
267448
267450
267462
267464
267500
267507
267513
267884
267938
267939
267967
268104
268221
268365
268475
268476
268481
26852
268561
268594
268663
268672
269171
269202
269224
269412
269528
269633
269720
269735
269779
269790
269810
269813
269830
269832
269851
269864
269899
269904
269905
269972
269973
269996
270201
270414
270436
270440
270511
270587
270743
270869
270896
270898
270922
270925
271108
271110
271111
271182
271186
271258
271332
271412
271540
272002
272325
272336
272815
273009
273028
273499
273593
273715
273762
282025
282133
282600
282939
284447
288407
294587
29877
30080
30308
30333
30813
32835
33064
33068
33080
33086
33090
33098
33101
33102
33103
33216
33217
33223
33234
33237
33239
33247
33248
33257
33259
33264
33373
33385
33392
33394
33401
33405
33408
33411
33414
33415
33419
33421
33422
33427
33432
33435
33446
33570
33572
33577
33594
33595
33597
33598
33608
34082
34098
34266
34287
34386
34768
3623
36554
40796
42286
44299
45073
4513
46103
46236
46691
46730
46974
47071
47152
49301
49375
50254
51477
5186
54251
54321
54541
54545
55571
55683
58358
59103
62079
62141
62625
62649
62952
63158
63844
64166
64403
64783
65551
65846
66461
66790
66893
67084
68477
6862
69515
70787
71167
73213
7505
75162
75168
75285
75834
76034
76506
76949
77206
77389
77425
77434
77595
79142
79872
80139
80292
80827
80865
81070
81083
81445
81957
81977
81982
82390
82979
835
84593
85260
85405
86573
86865
86873
87067
87075
87251
87397
90096
91143
93439
93540
93821
93909
94226
94232
99915
100440
100517
101673
102642
1029
10438
10440
10530
10546
105504
105975
106281
106310
106316
107284
108312
108527
109073
109451
109824
110007
110395
110709
110789
111278
111289
111684
111742
111957
111961
112194
112389
112413
112625
112629
112646
112658
112851
112864
113205
113277
113378
113913
113955
114118
114702
114704
114830
114868
115200
115203
115440
115942
116022
116387
116861
116998
117393
11758
117580
117666
117746
117818
118235
118303
118332
118475
118689
119001
119103
119108
11964
119681
120179
12034
120840
120849
120947
120948
120983
121240
12180
121925
122049
122240
122627
122800
122801
122893
123049
123157
123242
123244
123287
123582
123855
12447
12506
125308
125359
125411
125664
12616
126574
126660
126709
126781
126845
12704
127438
127439
127450
127452
127521
128014
128079
128185
128248
128793
128797
128844
128849
129021
130144
130441
130443
130802
130890
130986
131136
131166
131243
131251
131260
131779
131798
132251
132252
132517
133847
133964
134139
135487
136191
137298
137302
137330
137344
137382
137723
137729
138192
138281
138284
138313
13838
138480
13897
13917
141417
142247
144282
144475
144756
144757
14570
14589
14594
14598
14636
14850
149794
150807
150955
150963
151561
151602
15179
15186
151898
15190
151913
152232
152363
152372
152373
152524
152549
152872
152890
153067
15322
153258
153403
153414
153678
153915
154268
154507
154554
154826
154977
155369
155565
155805
156205
15643
156922
157
157010
157519
157861
158103
158211
15827
158437
158482
158486
158531
159249
159663
159735
159897
15993
159951
159956
16003
16009
16012
16021
160325
160750
160760
160903
161191
161438
162110
162493
162590
163483
163569
163901
164183
164449
164846
16508
165151
165990
166566
16672
166919
16760
167687
167688
167726
167752
169172
16928
169377
16979
170103
170437
170456
170637
171508
172291
173160
173182
173412
173609
173932
173987
173988
174035
17404
174053
17457
17467
174754
174855
175085
175135
17528
175457
175468
175840
175862
175908
176270
176590
176623
17697
17710
177436
178150
179141
179377
179793
179954
180797
180911
181073
181134
181290
181739
181774
181936
181976
182092
182244
182261
182262
182275
182329
182364
182376
182386
182391
18314
18316
18336
183456
183574
183590
183593
183912
184264
184387
184502
184546
184640
184752
185029
185128
185279
185281
185334
185353
185940
186833
187109
187635
188122
188546
188557
189381
189382
189384
189387
189388
189389
189390
189392
189393
189394
189397
189398
189400
189403
189404
189406
189408
189409
189410
189412
189413
189417
189420
189422
189426
189427
189429
189430
189432
189434
189435
189437
189440
189450
189451
189454
189456
189461
189462
189465
189468
189469
189470
189476
189479
189480
189481
189482
189483
189484
189485
189486
189487
189490
189494
189495
189496
189499
189500
189501
189504
189507
189510
189511
189513
189514
189515
189518
189519
189520
189521
189522
189532
189533
189535
189537
189538
189545
189550
189551
189553
189554
189555
189557
189561
189564
189565
189570
189574
189575
189577
189578
189580
189581
189582
189583
189584
189585
189589
189590
189592
189597
189600
189603
189604
189608
189611
189612
189613
189614
189615
189619
189620
189621
189624
189626
189631
189632
189633
189637
189639
189644
189648
189651
189661
189666
189671
189673
189674
189675
189678
189681
189683
189687
189693
189694
189703
189705
189707
189710
189714
189715
189721
189726
189727
189733
189734
189737
189739
189741
189742
189743
189744
189745
189746
189748
189750
189753
189755
189762
189763
189765
189768
189769
189773
189775
189777
189778
189780
189781
189784
189785
189786
189788
189789
189792
189795
189796
189799
189800
189803
189811
189813
189820
189822
189824
189825
189841
189843
189852
189854
189855
189857
189860
189862
189872
189873
189883
189886
189896
189897
189898
189900
189904
189905
189908
189913
189917
189921
189925
189932
189937
189938
189944
189945
189947
189953
189954
189958
189959
189966
189967
189972
189973
189977
189978
189980
189986
189993
189995
189996
189997
190003
190009
190018
190022
190023
190024
190025
190029
190030
190040
190041
190042
190047
190048
190061
190067
190071
190075
190078
190079
190083
190084
190096
190097
190103
190105
190110
190113
190115
190116
190117
190118
190122
190123
190128
190129
190131
190132
190134
190136
190137
190142
190147
190149
190150
190153
190154
190164
190165
190168
190169
190170
190171
190172
190173
190178
190185
190187
190188
190190
190195
190199
190202
190205
190206
190211
190218
190219
190222
190223
190226
190231
190232
190235
190239
190244
190251
190253
190255
190256
190257
190263
190264
190267
190271
190275
190278
190288
190289
190293
190298
190301
190302
190304
190305
190306
190308
190312
190313
190315
190317
190318
190319
190320
190323
190326
190327
19033
190332
190334
190336
190337
190339
190347
190350
190351
190352
190355
190357
190361
190362
190363
190365
190366
190369
190371
190372
190375
190379
190380
190381
190382
190384
190386
190387
190389
190390
190393
190394
190396
190398
190402
190404
190407
190412
190414
190415
190416
190418
190419
190420
190423
190425
190432
190441
190443
190445
190449
190455
190490
190592
190651
190663
191111
191118
191206
191329
191447
191491
192573
192999
193030
19341
193687
193814
193821
193854
194198
194199
194275
194324
194421
19466
194685
194686
195048
195066
19518
195482
196210
196720
196723
19677
196833
19690
197064
197072
197074
197076
197228
197231
197240
197340
197394
197775
197872
19803
198063
198218
198223
198236
198531
198558
198702
198716
198840
198842
198845
198847
198849
198854
198866
198919
198947
199023
199307
200010
200078
200155
200319
200514
200573
200761
200790
201047
201254
201280
201388
201909
20276
20293
203335
203535
204023
204758
205063
205076
205097
205174
205643
205791
20591
205989
206196
206197
206328
206341
206446
206804
206964
20751
207750
207782
207921
207922
208027
208040
208411
208567
208612
208735
208966
209085
209437
209456
209524
209572
209573
209593
209599
209605
209750
209766
209777
209942
209944
210088
210101
210129
210135
210174
210177
210178
210247
210287
210294
210340
210343
210350
210455
210462
210463
210592
210719
210804
210808
210810
211103
211200
211298
211324
211486
211487
211504
211706
212011
212013
212332
212388
212505
212560
212830
212962
212987
213671
213809
213819
214068
214082
214650
214653
214654
214814
214932
215130
215204
215304
215309
215343
215614
2157
215703
215781
215797
215824
216242
216269
216359
216402
216412
216414
216597
216982
217178
217204
217207
217209
217226
217227
217254
217255
217257
217750
217844
217992
217994
218002
218008
218013
218016
218017
218021
218042
218646
218647
218653
218655
218707
218711
218712
219243
219250
219254
219260
219276
219414
219449
219542
219557
219745
219939
219983
219986
220049
220235
220328
220473
220866
221034
221212
221215
221218
221223
221235
221349
221434
221465
221472
221474
221486
221493
221795
221805
221808
221813
221815
221821
222138
222418
222441
222456
222457
222460
222476
222519
222776
222807
222808
222816
222818
222827
222860
223013
223026
223155
223156
223172
223260
223279
223428
223441
223451
223452
223486
223562
223563
223587
223614
223666
223752
223796
224371
224378
224381
224669
224758
224886
224992
224994
225202
225308
225310
225552
225653
22587
225922
226075
226076
226130
226225
226505
226576
226748
226784
226803
226915
227134
227400
227603
227813
227815
22853
228632
228685
228688
229412
229531
229870
229886
230442
230488
230798
230801
230803
231270
231479
231701
231722
231732
231738
232257
232260
232393
232415
232644
233193
23353
233627
234073
23424
23425
234294
234460
235582
236171
236314
236450
236457
236570
236824
237077
237477
238076
238252
238517
238575
238606
238751
238814
239020
239661
239971
240151
24064
24066
240872
241002
241350
241566
241598
241839
241966
241967
242871
243185
244616
245008
245478
245702
245705
245706
245737
245782
245784
245810
245825
245836
245844
245882
245884
246058
24608
246089
246099
246127
246179
246181
246357
24639
246611
246783
24682
247088
247132
247179
247244
247255
247276
247305
247330
247341
247342
247360
24737
247395
247396
247398
247423
247490
247507
247508
247547
247614
247716
247761
247797
247804
247806
24781
247857
247916
247958
24816
248423
248430
248437
248608
248714
248807
248818
248846
249010
249052
249064
249090
249168
249190
249290
249302
249316
24935
249366
249367
249368
249380
249381
249382
249384
249400
249403
249408
249409
24941
249413
249433
249469
249477
249500
249585
249627
249888
250306
250315
250706
250837
25086
25096
250996
251000
251014
251036
251066
251168
251229
251252
251347
251447
251451
251461
251467
251539
251561
251570
251577
251593
251601
251616
251739
251751
251763
251833
251899
251919
251971
252107
252191
252282
252344
252368
252382
252410
252427
252430
252615
252643
252663
252712
252759
252761
252796
252829
252833
252836
252837
252870
252989
253022
253027
253064
253121
253131
253209
253219
253389
253406
253458
253470
253539
253545
253849
253866
254158
254192
254311
254313
254314
254351
254354
254373
254375
254409
254435
254453
254470
254481
254497
254580
254584
254625
254758
254787
254792
254923
254933
254981
254983
254987
254988
254992
255024
255032
255040
255042
255081
255098
255139
255160
255252
255276
255290
255309
255311
255331
255346
255351
255388
255411
255413
255499
255541
255546
255580
255581
255611
255612
255620
255663
255724
255897
255964
256084
256101
256172
256251
256272
256274
256285
256320
256375
256487
256638
256645
256814
256997
257090
257145
257152
257168
257180
257227
257237
257249
257351
257546
257593
257685
257686
257713
257755
257780
257868
257896
257944
257959
258183
258189
258192
258202
258222
258288
258291
258292
258313
258325
258358
258395
258397
258427
258429
258439
258491
258528
258529
258538
258563
258575
258603
258619
258693
258782
258783
258798
258804
258863
258912
258965
258991
259005
259032
259058
259068
259084
259093
259100
259113
259127
259128
259151
259174
259179
259296
259318
259336
259419
259476
259478
259497
259510
259581
259582
259587
259603
259606
259649
259659
259714
259734
259784
259804
259931
259981
260059
260070
260205
260210
260217
260283
260298
260303
260316
260378
260475
260488
260505
260590
260603
260606
260659
260660
260705
260760
260803
260909
260978
260981
260998
261046
261048
261050
261070
261162
261164
261261
261403
261413
261451
261508
261509
261513
26167
261883
261931
262064
262071
262203
262267
262268
262284
262304
262828
262941
263014
263051
263070
263074
263079
263085
263088
263184
263218
263220
263224
263240
263296
263304
263306
263309
263329
263331
263369
263415
263419
263426
263443
263707
263712
263822
263833
263868
263871
263890
263937
263966
264018
264034
264058
264094
264106
264107
264182
264235
264315
264351
264407
264754
264778
264783
264815
264848
264867
264875
264904
264953
264963
265178
265205
265411
265424
265425
265504
265505
265601
265630
265709
265757
265787
265839
265995
266147
266179
266288
266314
266315
266358
266359
266365
266420
266421
266437
266475
266515
266671
266674
266701
266703
266736
266748
266770
266779
266792
266821
266837
266863
266866
266868
266874
266879
266962
267145
267285
267288
267335
267370
267388
267391
267393
267396
267397
267398
267400
267401
267404
267405
267408
267409
267410
267413
267415
267417
267418
267419
267423
267424
267425
267426
267428
267429
267432
267435
267444
267445
267451
267457
267458
267469
267472
267477
267478
267483
267485
267487
267488
26749
267495
267498
267499
267501
267503
267504
267505
267511
267512
267514
267518
267521
267537
267544
267590
267635
267811
267818
267886
267908
267934
267949
267963
267968
268102
268158
268228
268263
268269
268270
268295
268312
268313
268333
268337
268343
268408
268443
268445
268446
268448
268551
26863
268640
268647
268666
268679
268694
268734
268740
268744
268760
268820
268825
268858
269047
269111
269235
269242
269286
269309
269317
269380
269383
269422
269477
26948
26949
269532
269560
269583
26960
269603
269637
269641
269719
269724
269731
269732
269749
269750
269757
269788
269811
269836
269870
269902
269931
269932
269941
269984
269986
269989
270001
270014
270066
270097
270216
270228
270229
270258
270261
270287
270319
270341
270419
270482
270507
270509
270510
270561
270566
270644
270651
270655
270726
270728
270734
270736
270830
270862
27087
270870
270877
270879
270882
270891
270897
270926
270956
270962
270967
270999
271005
271036
271083
271097
271107
271140
271141
271142
271143
271159
271170
271184
271185
271187
271188
271191
271219
271228
271274
271275
271294
271296
271297
271299
271315
271320
271328
271337
271339
271340
271342
271367
271420
271461
271463
271485
271486
271509
271516
271523
271524
27156
271574
271593
271594
271597
271607
271616
271617
271641
271642
271706
271729
271737
271756
271824
271828
271847
271869
271870
271940
272017
272018
272043
272057
272079
272121
272195
272250
272286
272287
272288
272292
272311
27233
272350
272359
272375
272414
272465
272467
272498
272795
272823
272974
272988
273008
273068
273091
273125
273187
273188
273233
273235
273247
273290
273299
273331
273337
273357
273359
273367
273370
273392
273395
273414
273439
273466
273503
273594
273610
273656
273734
273774
274050
27711
277663
277804
278114
2782
278914
27958
281193
281522
281652
2829
283294
284424
284976
285051
285311
285718
287487
288157
288782
289787
290024
290087
290205
292618
292685
292950
294696
29762
29772
29803
29868
29977
30031
30045
30072
30076
30105
30113
30118
30256
30259
30359
30528
30600
30626
30927
31139
3116
31250
31263
31387
31788
32113
32559
32729
33056
33058
33061
33063
33065
33066
33067
33071
33073
33074
33075
33076
33078
33079
33083
33085
33089
33094
33099
33100
33104
33105
33107
33111
33115
33127
33210
33212
33213
33219
33221
33224
33229
33233
33240
33241
33242
33244
33245
33250
33252
33253
33254
33256
33258
33261
33262
33263
33265
33266
33269
33270
33271
33273
33274
33275
33277
33371
33372
33374
33375
33376
33377
33378
33379
33381
33382
33383
33384
33386
33387
33389
33391
33396
33398
33399
33402
33403
33406
33412
33413
33416
33417
33423
33424
33425
33428
33429
33431
33433
33434
33436
33437
33438
33439
33440
33441
33447
33448
33449
33573
33574
33576
33578
33579
33581
33582
33584
33586
33587
33588
33589
33591
33593
33600
33601
33602
33603
33604
33605
33607
33610
33733
33824
34157
3423
34388
34389
34735
35046
35119
35811
3643
3667
37330
37482
38262
38394
3954
39961
40220
40388
40577
40692
40795
41233
41348
43836
44273
44317
45089
4514
4517
4523
45269
46200
46482
46688
46710
46719
46729
46873
46938
47148
47234
4745
47874
48823
48962
49270
49288
49388
49396
49463
49522
49531
49959
50264
5061
51135
51722
51781
5187
52041
52141
52284
52448
52534
52582
5313
53673
54479
54657
54880
55317
55412
55446
55447
55512
55768
55769
55884
56292
56555
56816
57501
57943
57947
58070
58131
58234
58324
58357
58361
58488
59054
59079
59471
60327
60526
60688
60807
60929
61026
61190
61223
61250
62245
62344
62557
62609
62653
62680
62681
62685
62988
63095
63210
63344
63554
64117
64773
64800
65164
65341
65529
65531
65580
65910
66201
67099
67101
6760
67634
67771
67825
68097
69108
70096
70403
70788
7106
71168
71567
7177
73284
73692
74172
74173
74236
74780
74791
74895
75388
75415
75416
75428
75486
75635
75682
75725
75785
75799
75841
75846
76028
76134
76168
76204
7652
76796
77414
77497
77590
77615
78117
78135
78208
78333
78569
78590
78665
78877
79195
79996
80023
80060
80085
80383
80528
80561
80575
80576
80578
80790
81053
81252
81325
81514
81523
82265
82290
82291
82297
82301
82335
82400
82836
83058
83661
83859
83976
84368
84373
84722
84946
85257
85258
85406
85434
85544
85596
85598
85846
85949
86149
86184
86285
86366
86564
86565
86566
86567
86572
86576
86578
86795
86813
86818
86864
8697
8705
87066
87068
87069
87113
87322
87325
87584
88088
89081
9031
91022
91117
91516
92130
93453
93486
93817
93818
93824
94000
94225
946
94600
9461
94925
95474
97578
97716
97807
98333
98387
98768
98905
99101
997
99910
100687
101803
101981
103392
110276
110705
111088
112368
112407
112411
112631
112633
112636
112637
112640
112678
113258
113388
113390
113607
113773
114703
114823
114882
115080
115360
116094
116319
116446
116452
116459
117186
117441
117947
118063
118064
118401
118948
119596
120941
123450
124017
125568
126037
12701
128192
128587
128589
134066
13438
136009
138649
141113
14266
143900
148076
150093
150139
150971
152371
153041
153694
153820
154825
154853
155553
15601
15613
15621
156305
156817
157178
15750
15771
157906
158920
15905
159889
16007
160919
161435
161436
162899
163191
1634
164231
164403
164708
16677
16868
169383
170328
170588
171130
171231
173389
174056
174400
174616
174747
179661
180887
181023
181033
181402
181748
183525
183538
183809
184141
184305
184309
184736
184873
185283
185293
185315
185327
185341
185364
18670
18717
18765
188778
189342
189395
189399
189401
189414
189416
189425
189438
189453
189457
189459
189460
189463
189467
189472
189474
189475
189477
189488
189491
189493
189497
189498
189505
189531
189534
189540
189541
189542
189558
189562
189568
189569
189576
189579
189588
189591
189598
189605
189607
189610
189617
189622
189652
189653
189659
189660
189669
189672
189680
189697
189706
189717
189730
189749
189752
189754
189772
189776
189815
189818
189823
189832
189833
189834
189849
189850
189861
189864
189868
189874
189877
189881
189885
189890
189895
189924
189941
189943
189948
189955
189965
189968
189975
189998
190021
190043
190045
190046
190062
190070
190072
190073
190077
190091
190104
190106
190109
190125
190127
190135
190146
19015
190179
190189
190203
190207
190216
190228
190250
190252
190265
190277
190279
190286
190294
190310
190325
190330
190331
190342
190343
190356
190368
190370
190373
190383
190388
190401
190403
190413
190429
190440
190444
190450
190454
190459
190664
191494
191519
192880
193638
194325
194579
196383
196543
196715
197081
197085
197659
197681
197900
197906
197946
198512
198719
198853
198891
19952
20115
20120
201883
204377
20607
207979
208629
208683
208737
208970
209442
209538
209587
209602
209607
20963
209737
209791
209921
209950
210134
210286
210296
210467
210696
210813
211199
211539
212835
213245
213507
214509
216343
216411
217186
217220
217678
218007
218399
218463
218517
218529
218726
219193
219214
219238
219391
219539
219662
219723
219741
220179
220493
220645
221246
221481
221787
221804
222142
222453
222455
222508
222800
223050
223267
223272
223454
223565
223613
223615
223741
223792
22381
224372
224708
224840
224891
224995
225198
225546
225549
229838
229888
230802
231258
231728
231841
231882
232050
232054
232108
232532
235796
236604
238026
238249
238989
23908
24067
241096
241261
242674
242682
243437
244925
245248
245481
245639
245837
245989
246004
246013
246123
246128
246183
246434
246558
246583
246702
24684
247306
247545
247611
247772
247993
248069
248264
248426
24843
248706
249256
249353
249370
249401
249412
249414
249583
249624
249633
249636
249972
250302
250978
251270
251741
251761
251904
252327
252343
252407
252466
252982
253410
253542
253738
254407
254603
254963
254966
254994
255039
255109
255216
255230
255306
255484
255564
255605
256014
256247
256289
256410
256747
257999
258204
258402
258482
258486
258540
258577
258597
258616
259074
259135
259499
259507
260150
260404
260532
260541
260750
260838
260921
261409
261424
261456
261981
262773
262963
263186
263230
263241
263276
263377
263517
263757
263960
264052
264127
264177
264933
265074
265399
265435
265518
265571
265991
266439
266518
266522
266804
266847
267144
267166
267363
267389
267399
267402
267412
267414
267430
267443
267449
267468
267479
267480
267481
267484
267489
267491
267520
267569
267736
267785
267817
268076
268077
268210
268268
268406
268447
268463
268479
268671
268712
268758
268759
268823
268854
269125
269198
269259
269287
269384
269585
269634
269727
269741
269807
269865
269871
269872
269929
269974
270069
270213
270224
270245
270390
270499
270501
270504
270588
270652
270653
270806
270828
270832
270995
271082
271220
271222
271273
271280
271394
271487
271530
271763
271833
271880
272081
272083
272357
272358
272406
273351
273493
273625
282872
291368
293775
295045
29799
29971
30251
30375
33059
33060
33062
33069
33070
33072
33110
33112
33113
33185
33220
33222
33225
33226
33227
33228
33230
33231
33232
33235
33238
33243
33246
33251
33268
33272
33276
33278
33380
33388
33393
33395
33397
33400
33407
33409
33410
33420
33444
33451
33571
33575
33583
33585
33590
33592
33596
33599
33772
33793
33794
34168
35134
35654
35830
3796
38892
40371
4059
40884
4140
4226
45166
4518
46042
46254
48001
4879
49277
49383
49415
49433
49975
50414
51490
51723
51901
51923
51982
52285
52767
52955
53290
54160
55346
55410
56103
56426
56448
57002
58086
58196
58199
58490
58793
60530
60576
61172
61588
61624
61629
61932
61981
62668
62834
63564
63584
64074
64884
65549
66190
66717
67059
67826
68740
73061
74047
74332
74995
75075
75214
75825
77596
77732
78278
78662
791
79787
80106
81056
81080
81317
81318
81519
82289
82296
82308
82480
83005
832
83562
83662
83943
84375
84409
85221
85861
86617
87070
87093
90265
91817
93489
93834
9464
94967
976
9841
98624
98777
99240
