100440
100517
101673
102642
1029
10438
10440
10530
10546
105504
105975
106281
106310
106316
107284
108312
108527
109073
109451
109824
110007
110395
110709
110789
111278
111289
111684
111742
111957
111961
112194
112389
112413
112625
112629
112646
112658
112851
112864
113205
113277
113378
113913
113955
114118
114702
114704
114830
114868
115200
115203
115440
115942
116022
116387
116861
116998
117393
11758
117580
117666
117746
117818
118235
118303
118332
118475
118689
119001
119103
119108
11964
119681
120179
12034
120840
120849
120947
120948
120983
121240
12180
121925
122049
122240
122627
122800
122801
122893
123049
123157
123242
123244
123287
123582
123855
12447
12506
125308
125359
125411
125664
12616
126574
126660
126709
126781
126845
12704
127438
127439
127450
127452
127521
128014
128079
128185
128248
128793
128797
128844
128849
129021
130144
130441
130443
130802
130890
130986
131136
131166
131243
131251
131260
131779
131798
132251
132252
132517
133847
133964
134139
135487
136191
137298
137302
137330
137344
137382
137723
137729
138192
138281
138284
138313
13838
138480
13897
13917
141417
142247
144282
144475
144756
144757
14570
14589
14594
14598
14636
14850
149794
150807
150955
150963
151561
151602
15179
15186
151898
15190
151913
152232
152363
152372
152373
152524
152549
152872
152890
153067
15322
153258
153403
153414
153678
153915
154268
154507
154554
154826
154977
155369
155565
155805
156205
15643
156922
157
157010
157519
157861
158103
158211
15827
158437
158482
158486
158531
159249
159663
159735
159897
15993
159951
159956
16003
16009
16012
16021
160325
160750
160760
160903
161191
161438
162110
162493
162590
163483
163569
163901
164183
164449
164846
16508
165151
165990
166566
16672
166919
16760
167687
167688
167726
167752
169172
16928
169377
16979
170103
170437
170456
170637
171508
172291
173160
173182
173412
173609
173932
173987
173988
174035
17404
174053
17457
17467
174754
174855
175085
175135
17528
175457
175468
175840
175862
175908
176270
176590
176623
17697
17710
177436
178150
179141
179377
179793
179954
180797
180911
181073
181134
181290
181739
181774
181936
181976
182092
182244
182261
182262
182275
182329
182364
182376
182386
182391
18314
18316
18336
183456
183574
183590
183593
183912
184264
184387
184502
184546
184640
184752
185029
185128
185279
185281
185334
185353
185940
186833
187109
187635
188122
188546
188557
189381
189382
189384
189387
189388
189389
189390
189392
189393
189394
189397
189398
189400
189403
189404
189406
189408
189409
189410
189412
189413
189417
189420
189422
189426
189427
189429
189430
189432
189434
189435
189437
189440
189450
189451
189454
189456
189461
189462
189465
189468
189469
189470
189476
189479
189480
189481
189482
189483
189484
189485
189486
189487
189490
189494
189495
189496
189499
189500
189501
189504
189507
189510
189511
189513
189514
189515
189518
189519
189520
189521
189522
189532
189533
189535
189537
189538
189545
189550
189551
189553
189554
189555
189557
189561
189564
189565
189570
189574
189575
189577
189578
189580
189581
189582
189583
189584
189585
189589
189590
189592
189597
189600
189603
189604
189608
189611
189612
189613
189614
189615
189619
189620
189621
189624
189626
189631
189632
189633
189637
189639
189644
189648
189651
189661
189666
189671
189673
189674
189675
189678
189681
189683
189687
189693
189694
189703
189705
189707
189710
189714
189715
189721
189726
189727
189733
189734
189737
189739
189741
189742
189743
189744
189745
189746
189748
189750
189753
189755
189762
189763
189765
189768
189769
189773
189775
189777
189778
189780
189781
189784
189785
189786
189788
189789
189792
189795
189796
189799
189800
189803
189811
189813
189820
189822
189824
189825
189841
189843
189852
189854
189855
189857
189860
189862
189872
189873
189883
189886
189896
189897
189898
189900
189904
189905
189908
189913
189917
189921
189925
189932
189937
189938
189944
189945
189947
189953
189954
189958
189959
189966
189967
189972
189973
189977
189978
189980
189986
189993
189995
189996
189997
190003
190009
190018
190022
190023
190024
190025
190029
190030
190040
190041
190042
190047
190048
190061
190067
190071
190075
190078
190079
190083
190084
190096
190097
190103
190105
190110
190113
190115
190116
190117
190118
190122
190123
190128
190129
190131
190132
190134
190136
190137
190142
190147
190149
190150
190153
190154
190164
190165
190168
190169
190170
190171
190172
190173
190178
190185
190187
190188
190190
190195
190199
190202
190205
190206
190211
190218
190219
190222
190223
190226
190231
190232
190235
190239
190244
190251
190253
190255
190256
190257
190263
190264
190267
190271
190275
190278
190288
190289
190293
190298
190301
190302
190304
190305
190306
190308
190312
190313
190315
190317
190318
190319
190320
190323
190326
190327
19033
190332
190334
190336
190337
190339
190347
190350
190351
190352
190355
190357
190361
190362
190363
190365
190366
190369
190371
190372
190375
190379
190380
190381
190382
190384
190386
190387
190389
190390
190393
190394
190396
190398
190402
190404
190407
190412
190414
190415
190416
190418
190419
190420
190423
190425
190432
190441
190443
190445
190449
190455
190490
190592
190651
190663
191111
191118
191206
191329
191447
191491
192573
192999
193030
19341
193687
193814
193821
193854
194198
194199
194275
194324
194421
19466
194685
194686
195048
195066
19518
195482
196210
196720
196723
19677
196833
19690
197064
197072
197074
197076
197228
197231
197240
197340
197394
197775
197872
19803
198063
198218
198223
198236
198531
198558
198702
198716
198840
198842
198845
198847
198849
198854
198866
198919
198947
199023
199307
200010
200078
200155
200319
200514
200573
200761
200790
201047
201254
201280
201388
201909
20276
20293
203335
203535
204023
204758
205063
205076
205097
205174
205643
205791
20591
205989
206196
206197
206328
206341
206446
206804
206964
20751
207750
207782
207921
207922
208027
208040
208411
208567
208612
208735
208966
209085
209437
209456
209524
209572
209573
209593
209599
209605
209750
209766
209777
209942
209944
210088
210101
210129
210135
210174
210177
210178
210247
210287
210294
210340
210343
210350
210455
210462
210463
210592
210719
210804
210808
210810
211103
211200
211298
211324
211486
211487
211504
211706
212011
212013
212332
212388
212505
212560
212830
212962
212987
213671
213809
213819
214068
214082
214650
214653
214654
214814
214932
215130
215204
215304
215309
215343
215614
2157
215703
215781
215797
215824
216242
216269
216359
216402
216412
216414
216597
216982
217178
217204
217207
217209
217226
217227
217254
217255
217257
217750
217844
217992
217994
218002
218008
218013
218016
218017
218021
218042
218646
218647
218653
218655
218707
218711
218712
219243
219250
219254
219260
219276
219414
219449
219542
219557
219745
219939
219983
219986
220049
220235
220328
220473
220866
221034
221212
221215
221218
221223
221235
221349
221434
221465
221472
221474
221486
221493
221795
221805
221808
221813
221815
221821
222138
222418
222441
222456
222457
222460
222476
222519
222776
222807
222808
222816
222818
222827
222860
223013
223026
223155
223156
223172
223260
223279
223428
223441
223451
223452
223486
223562
223563
223587
223614
223666
223752
223796
224371
224378
224381
224669
224758
224886
224992
224994
225202
225308
225310
225552
225653
22587
225922
226075
226076
226130
226225
226505
226576
226748
226784
226803
226915
227134
227400
227603
227813
227815
22853
228632
228685
228688
229412
229531
229870
229886
230442
230488
230798
230801
230803
231270
231479
231701
231722
231732
231738
232257
232260
232393
232415
232644
233193
23353
233627
234073
23424
23425
234294
234460
235582
236171
236314
236450
236457
236570
236824
237077
237477
238076
238252
238517
238575
238606
238751
238814
239020
239661
239971
240151
24064
24066
240872
241002
241350
241566
241598
241839
241966
241967
242871
243185
244616
245008
245478
245702
245705
245706
245737
245782
245784
245810
245825
245836
245844
245882
245884
246058
24608
246089
246099
246127
246179
246181
246357
24639
246611
246783
24682
247088
247132
247179
247244
247255
247276
247305
247330
247341
247342
247360
24737
247395
247396
247398
247423
247490
247507
247508
247547
247614
247716
247761
247797
247804
247806
24781
247857
247916
247958
24816
248423
248430
248437
248608
248714
248807
248818
248846
249010
249052
249064
249090
249168
249190
249290
249302
249316
24935
249366
249367
249368
249380
249381
249382
249384
249400
249403
249408
249409
24941
249413
249433
249469
249477
249500
249585
249627
249888
250306
250315
250706
250837
25086
25096
250996
251000
251014
251036
251066
251168
251229
251252
251347
251447
251451
251461
251467
251539
251561
251570
251577
251593
251601
251616
251739
251751
251763
251833
251899
251919
251971
252107
252191
252282
252344
252368
252382
252410
252427
252430
252615
252643
252663
252712
252759
252761
252796
252829
252833
252836
252837
252870
252989
253022
253027
253064
253121
253131
253209
253219
253389
253406
253458
253470
253539
253545
253849
253866
254158
254192
254311
254313
254314
254351
254354
254373
254375
254409
254435
254453
254470
254481
254497
254580
254584
254625
254758
254787
254792
254923
254933
254981
254983
254987
254988
254992
255024
255032
255040
255042
255081
255098
255139
255160
255252
255276
255290
255309
255311
255331
255346
255351
255388
255411
255413
255499
255541
255546
255580
255581
255611
255612
255620
255663
255724
255897
255964
256084
256101
256172
256251
256272
256274
256285
256320
256375
256487
256638
256645
256814
256997
257090
257145
257152
257168
257180
257227
257237
257249
257351
257546
257593
257685
257686
257713
257755
257780
257868
257896
257944
257959
258183
258189
258192
258202
258222
258288
258291
258292
258313
258325
258358
258395
258397
258427
258429
258439
258491
258528
258529
258538
258563
258575
258603
258619
258693
258782
258783
258798
258804
258863
258912
258965
258991
259005
259032
259058
259068
259084
259093
259100
259113
259127
259128
259151
259174
259179
259296
259318
259336
259419
259476
259478
259497
259510
259581
259582
259587
259603
259606
259649
259659
259714
259734
259784
259804
259931
259981
260059
260070
260205
260210
260217
260283
260298
260303
260316
260378
260475
260488
260505
260590
260603
260606
260659
260660
260705
260760
260803
260909
260978
260981
260998
261046
261048
261050
261070
261162
261164
261261
261403
261413
261451
261508
261509
261513
26167
261883
261931
262064
262071
262203
262267
262268
262284
262304
262828
262941
263014
263051
263070
263074
263079
263085
263088
263184
263218
263220
263224
263240
263296
263304
263306
263309
263329
263331
263369
263415
263419
263426
263443
263707
263712
263822
263833
263868
263871
263890
263937
263966
264018
264034
264058
264094
264106
264107
264182
264235
264315
264351
264407
264754
264778
264783
264815
264848
264867
264875
264904
264953
264963
265178
265205
265411
265424
265425
265504
265505
265601
265630
265709
265757
265787
265839
265995
266147
266179
266288
266314
266315
266358
266359
266365
266420
266421
266437
266475
266515
266671
266674
266701
266703
266736
266748
266770
266779
266792
266821
266837
266863
266866
266868
266874
266879
266962
267145
267285
267288
267335
267370
267388
267391
267393
267396
267397
267398
267400
267401
267404
267405
267408
267409
267410
267413
267415
267417
267418
267419
267423
267424
267425
267426
267428
267429
267432
267435
267444
267445
267451
267457
267458
267469
267472
267477
267478
267483
267485
267487
267488
26749
267495
267498
267499
267501
267503
267504
267505
267511
267512
267514
267518
267521
267537
267544
267590
267635
267811
267818
267886
267908
267934
267949
267963
267968
268102
268158
268228
268263
268269
268270
268295
268312
268313
268333
268337
268343
268408
268443
268445
268446
268448
268551
26863
268640
268647
268666
268679
268694
268734
268740
268744
268760
268820
268825
268858
269047
269111
269235
269242
269286
269309
269317
269380
269383
269422
269477
26948
26949
269532
269560
269583
26960
269603
269637
269641
269719
269724
269731
269732
269749
269750
269757
269788
269811
269836
269870
269902
269931
269932
269941
269984
269986
269989
270001
270014
270066
270097
270216
270228
270229
270258
270261
270287
270319
270341
270419
270482
270507
270509
270510
270561
270566
270644
270651
270655
270726
270728
270734
270736
270830
270862
27087
270870
270877
270879
270882
270891
270897
270926
270956
270962
270967
270999
271005
271036
271083
271097
271107
271140
271141
271142
271143
271159
271170
271184
271185
271187
271188
271191
271219
271228
271274
271275
271294
271296
271297
271299
271315
271320
271328
271337
271339
271340
271342
271367
271420
271461
271463
271485
271486
271509
271516
271523
271524
27156
271574
271593
271594
271597
271607
271616
271617
271641
271642
271706
271729
271737
271756
271824
271828
271847
271869
271870
271940
272017
272018
272043
272057
272079
272121
272195
272250
272286
272287
272288
272292
272311
27233
272350
272359
272375
272414
272465
272467
272498
272795
272823
272974
272988
273008
273068
273091
273125
273187
273188
273233
273235
273247
273290
273299
273331
273337
273357
273359
273367
273370
273392
273395
273414
273439
273466
273503
273594
273610
273656
273734
273774
274050
27711
277663
277804
278114
2782
278914
27958
281193
281522
281652
2829
283294
284424
284976
285051
285311
285718
287487
288157
288782
289787
290024
290087
290205
292618
292685
292950
294696
29762
29772
29803
29868
29977
30031
30045
30072
30076
30105
30113
30118
30256
30259
30359
30528
30600
30626
30927
31139
3116
31250
31263
31387
31788
32113
32559
32729
33056
33058
33061
33063
33065
33066
33067
33071
33073
33074
33075
33076
33078
33079
33083
33085
33089
33094
33099
33100
33104
33105
33107
33111
33115
33127
33210
33212
33213
33219
33221
33224
33229
33233
33240
33241
33242
33244
33245
33250
33252
33253
33254
33256
33258
33261
33262
33263
33265
33266
33269
33270
33271
33273
33274
33275
33277
33371
33372
33374
33375
33376
33377
33378
33379
33381
33382
33383
33384
33386
33387
33389
33391
33396
33398
33399
33402
33403
33406
33412
33413
33416
33417
33423
33424
33425
33428
33429
33431
33433
33434
33436
33437
33438
33439
33440
33441
33447
33448
33449
33573
33574
33576
33578
33579
33581
33582
33584
33586
33587
33588
33589
33591
33593
33600
33601
33602
33603
33604
33605
33607
33610
33733
33824
34157
3423
34388
34389
34735
35046
35119
35811
3643
3667
37330
37482
38262
38394
3954
39961
40220
40388
40577
40692
40795
41233
41348
43836
44273
44317
45089
4514
4517
4523
45269
46200
46482
46688
46710
46719
46729
46873
46938
47148
47234
4745
47874
48823
48962
49270
49288
49388
49396
49463
49522
49531
49959
50264
5061
51135
51722
51781
5187
52041
52141
52284
52448
52534
52582
5313
53673
54479
54657
54880
55317
55412
55446
55447
55512
55768
55769
55884
56292
56555
56816
57501
57943
57947
58070
58131
58234
58324
58357
58361
58488
59054
59079
59471
60327
60526
60688
60807
60929
61026
61190
61223
61250
62245
62344
62557
62609
62653
62680
62681
62685
62988
63095
63210
63344
63554
64117
64773
64800
65164
65341
65529
65531
65580
65910
66201
67099
67101
6760
67634
67771
67825
68097
69108
70096
70403
70788
7106
71168
71567
7177
73284
73692
74172
74173
74236
74780
74791
74895
75388
75415
75416
75428
75486
75635
75682
75725
75785
75799
75841
75846
76028
76134
76168
76204
7652
76796
77414
77497
77590
77615
78117
78135
78208
78333
78569
78590
78665
78877
79195
79996
80023
80060
80085
80383
80528
80561
80575
80576
80578
80790
81053
81252
81325
81514
81523
82265
82290
82291
82297
82301
82335
82400
82836
83058
83661
83859
83976
84368
84373
84722
84946
85257
85258
85406
85434
85544
85596
85598
85846
85949
86149
86184
86285
86366
86564
86565
86566
86567
86572
86576
86578
86795
86813
86818
86864
8697
8705
87066
87068
87069
87113
87322
87325
87584
88088
89081
9031
91022
91117
91516
92130
93453
93486
93817
93818
93824
94000
94225
946
94600
9461
94925
95474
97578
97716
97807
98333
98387
98768
98905
99101
997
99910
